00 0 3328 1664 1664 
10 1664 3328 1664 1664 
01 0 1664 1664 1664 
11 1664 1664 1664 1664 
0000 0 3328 832 832 
0010 832 3328 832 832 
0001 0 2496 832 832 
0011 832 2496 832 832 
000000 0 3328 416 416 
000010 416 3328 416 416 
000001 0 2912 416 416 
000011 416 2912 416 416 
001000 832 3328 416 416 
001010 1248 3328 416 416 
001001 832 2912 416 416 
001011 1248 2912 416 416 
000100 0 2496 416 416 
000110 416 2496 416 416 
000101 0 2080 416 416 
000111 416 2080 416 416 
001100 832 2496 416 416 
001110 1248 2496 416 416 
001101 832 2080 416 416 
001111 1248 2080 416 416 
1000 1664 3328 832 832 
1010 2496 3328 832 832 
1001 1664 2496 832 832 
1011 2496 2496 832 832 
100000 1664 3328 416 416 
100010 2080 3328 416 416 
100001 1664 2912 416 416 
100011 2080 2912 416 416 
101000 2496 3328 416 416 
101010 2912 3328 416 416 
101001 2496 2912 416 416 
101011 2912 2912 416 416 
100100 1664 2496 416 416 
100110 2080 2496 416 416 
100101 1664 2080 416 416 
100111 2080 2080 416 416 
101100 2496 2496 416 416 
101110 2912 2496 416 416 
101101 2496 2080 416 416 
101111 2912 2080 416 416 
0100 0 1664 832 832 
0110 832 1664 832 832 
0101 0 832 832 832 
0111 832 832 832 832 
010000 0 1664 416 416 
010010 416 1664 416 416 
010001 0 1248 416 416 
010011 416 1248 416 416 
011000 832 1664 416 416 
011010 1248 1664 416 416 
011001 832 1248 416 416 
011011 1248 1248 416 416 
010100 0 832 416 416 
010110 416 832 416 416 
010101 0 416 416 416 1,2,4,5,6,8,9,11,12,13,14,18,19,24,80,81,82,83,91, 
010111 416 416 416 416 1,3,4,7,10,14,15,16,17,19,20,25,26,29,81,84,85,86,87, 
011100 832 832 416 416 
011110 1248 832 416 416 
011101 832 416 416 416 21,22,23,26,27,28,29,30,39,36,85,86,87,88, 
011111 1248 416 416 416 22,29,30,31,32,33,34,35,36,37,38,39,40,42,43,44,46,85,89,90, 
1100 1664 1664 832 832 
1110 2496 1664 832 832 
1101 1664 832 832 832 
1111 2496 832 832 832 
110000 1664 1664 416 416 
110010 2080 1664 416 416 
110001 1664 1248 416 416 
110011 2080 1248 416 416 
111000 2496 1664 416 416 
111010 2912 1664 416 416 
111001 2496 1248 416 416 
111011 2912 1248 416 416 
110100 1664 832 416 416 
110110 2080 832 416 416 
110101 1664 416 416 416 31,34,41,43,44,45,46,47,48,49,50,54,56, 
110111 2080 416 416 416 48,50,51,52,53,54,55,56,57,58,59,64,65,66,70, 
111100 2496 832 416 416 
111110 2912 832 416 416 
111101 2496 416 416 416 59,60,61,62,63,64,67,68,69, 
111111 2912 416 416 416 62,71,72,73,74,75,76,77,78,79,91,92,   
