00 0 2176 1088 1088 
10 1088 2176 1088 1088 
01 0 1088 1088 1088 
11 1088 1088 1088 1088 
0000 0 2176 544 544 
0010 544 2176 544 544 
0001 0 1632 544 544 
0011 544 1632 544 544 
000000 0 2176 272 272 87,88,121,123,124, 
000010 272 2176 272 272 
000001 0 1904 272 272 79,81,82,83,84,85,86,89,90,91, 
000011 272 1904 272 272 
001000 544 2176 272 272 
001010 816 2176 272 272 
001001 544 1904 272 272 
001011 816 1904 272 272 
000100 0 1632 272 272 109,110,112,64,65,67,68,69,70,71,73,74,76,80,108,72,60,61, 
000110 272 1632 272 272 
000101 0 1360 272 272 117,103,104,106,107,108,109,118,119,54,55,56,57,58,59,62,63,66,67,75,60, 
000111 272 1360 272 272 
001100 544 1632 272 272 
001110 816 1632 272 272 
001101 544 1360 272 272 
001111 816 1360 272 272 
1000 1088 2176 544 544 
1010 1632 2176 544 544 
1001 1088 1632 544 544 
1011 1632 1632 544 544 
100000 1088 2176 272 272 
100010 1360 2176 272 272 
100001 1088 1904 272 272 
100011 1360 1904 272 272 
101000 1632 2176 272 272 
101010 1904 2176 272 272 
101001 1632 1904 272 272 
101011 1904 1904 272 272 
100100 1088 1632 272 272 
100110 1360 1632 272 272 
100101 1088 1360 272 272 
100111 1360 1360 272 272 
101100 1632 1632 272 272 
101110 1904 1632 272 272 
101101 1632 1360 272 272 
101111 1904 1360 272 272 
0100 0 1088 544 544 
0110 544 1088 544 544 
0101 0 544 544 544 
0111 544 544 544 544 
010000 0 1088 272 272 99,100,101,102,103,104,35,36,37,39,40,41,42,43,44,48,50,51,52,53,62,45,46,49, 
010010 272 1088 272 272 
010001 0 816 272 272 116,114,115,120,29,30,31,32,33,34,36,38,44,47,28, 
010011 272 816 272 272 
011000 544 1088 272 272 
011010 816 1088 272 272 
011001 544 816 272 272 
011011 816 816 272 272 
010100 0 544 272 272 93,94,5,12,13,14,15,16,17,18,19,20,21,22,23,24,25,26,27,28,122, 
010110 272 544 272 272 
010101 0 272 272 272 96,97,98,92,93,1,2,3,4,5,6,7,8,9,10,11,22, 
010111 272 272 272 272 
011100 544 544 272 272 
011110 816 544 272 272 
011101 544 272 272 272 
011111 816 272 272 272 
1100 1088 1088 544 544 
1110 1632 1088 544 544 
1101 1088 544 544 544 
1111 1632 544 544 544 
110000 1088 1088 272 272 
110010 1360 1088 272 272 
110001 1088 816 272 272 
110011 1360 816 272 272 
111000 1632 1088 272 272 
111010 1904 1088 272 272 
111001 1632 816 272 272 
111011 1904 816 272 272 
110100 1088 544 272 272 
110110 1360 544 272 272 
110101 1088 272 272 272 
110111 1360 272 272 272 
111100 1632 544 272 272 
111110 1904 544 272 272 
111101 1632 272 272 272 
111111 1904 272 272 272 
