1 Ground 1 96 576 16 
2 Ground 584 126 96 16 
3 Ground 575 47 160 16 
4 Ground 736 94 128 16 
5 Ground 831 44 128 16 
6 Ground 960 143 128 16 
7 Ground 1175 143 128 16 
8 Ground 926 98 288 16 
9 Boom 282 197 16 16 
10 Boom 330 198 16 16 
11 Boom 464 195 16 16 
12 Boom 509 191 16 16 
13 ItemStandM 610 96 32 32 
14 SniperBlock 482 123 32 32 
15 SniperBlock 318 123 32 32 
16 SniperBlock 831 123 32 32 
17 SniperBlock 928 74 32 32 
18 SniperBlock 1025 170 32 32 
19 Boom 1230 224 16 16 
20 Boom 1252 220 16 16 
21 Boom 1415 217 16 16 
22 Boom 1463 209 16 16 
23 SniperBlock 1455 123 32 32 
24 Ground 1343 145 160 16 
25 Ground 1279 96 224 16 
26 Ground 1502 31 64 16 
27 Ground 1759 127 64 16 
28 Ground 1693 111 64 16 
29 Ground 1855 95 64 16 
30 Ground 1567 62 192 16 
31 Ground 1566 144 128 16 
32 ItemStandF 1599 126 32 32 
33 SniperWater 1834 55 16 32 
34 SniperWater 2043 53 16 32 
35 Sniper 2180 128 24 32 
36 Ground 1951 96 32 16 
37 Ground 2014 128 64 16 
38 Ground 2112 98 160 16 
39 WaterEffect1 1855 30 64 16 
40 WaterEffect1 1949 33 32 16 
41 Ground 2272 64 640 16 
42 Tank 2308 130 256 66 
43 SniperBlock 3048 91 32 32 
44 Ground 3105 95 64 16 
45 Ground 2976 114 96 16 
46 Ground 2911 65 192 16 
47 Ground 3151 65 704 16 
48 Tank 3172 130 256 66 
49 SniperBlock 3743 92 32 32 
50 Boom 3908 206 16 16 
51 Boom 3969 207 16 16 
52 Boom 4045 206 16 16 
53 ItemStandL 4145 96 32 32 
54 Ground 3836 47 96 16 
55 Ground 3855 96 192 16 
56 Ground 4079 129 224 16 
57 Ground 4048 49 256 16 
58 Ground 4303 97 256 16 
59 SniperBlock 4480 126 32 32 
60 Ground 4559 66 544 16 
61 Boss3 4944 225 60 64 
0 Camera 0 256 256 240 
0 Character 40 240 36 46 
