00 0 5104 2552 2552 
10 2552 5104 2552 2552 
01 0 2552 2552 2552 
11 2552 2552 2552 2552 
0000 0 5104 1276 1276 
0010 1276 5104 1276 1276 
0001 0 3828 1276 1276 
0011 1276 3828 1276 1276 
000000 0 5104 638 638 
000010 638 5104 638 638 
000001 0 4466 638 638 
000011 638 4466 638 638 
00000000 0 5104 319 319 
00000010 319 5104 319 319 
00000001 0 4785 319 319 
00000011 319 4785 319 319 
00001000 638 5104 319 319 
00001010 957 5104 319 319 
00001001 638 4785 319 319 
00001011 957 4785 319 319 
00000100 0 4466 319 319 
00000110 319 4466 319 319 
00000101 0 4147 319 319 
00000111 319 4147 319 319 
00001100 638 4466 319 319 
00001110 957 4466 319 319 
00001101 638 4147 319 319 
00001111 957 4147 319 319 
001000 1276 5104 638 638 
001010 1914 5104 638 638 
001001 1276 4466 638 638 
001011 1914 4466 638 638 
00100000 1276 5104 319 319 
00100010 1595 5104 319 319 
00100001 1276 4785 319 319 
00100011 1595 4785 319 319 
00101000 1914 5104 319 319 
00101010 2233 5104 319 319 
00101001 1914 4785 319 319 
00101011 2233 4785 319 319 
00100100 1276 4466 319 319 
00100110 1595 4466 319 319 
00100101 1276 4147 319 319 
00100111 1595 4147 319 319 
00101100 1914 4466 319 319 
00101110 2233 4466 319 319 
00101101 1914 4147 319 319 
00101111 2233 4147 319 319 
000100 0 3828 638 638 
000110 638 3828 638 638 
000101 0 3190 638 638 
000111 638 3190 638 638 
00010000 0 3828 319 319 
00010010 319 3828 319 319 
00010001 0 3509 319 319 
00010011 319 3509 319 319 
00011000 638 3828 319 319 
00011010 957 3828 319 319 
00011001 638 3509 319 319 
00011011 957 3509 319 319 
00010100 0 3190 319 319 
00010110 319 3190 319 319 
00010101 0 2871 319 319 
00010111 319 2871 319 319 
00011100 638 3190 319 319 
00011110 957 3190 319 319 
00011101 638 2871 319 319 
00011111 957 2871 319 319 
001100 1276 3828 638 638 
001110 1914 3828 638 638 
001101 1276 3190 638 638 
001111 1914 3190 638 638 
00110000 1276 3828 319 319 
00110010 1595 3828 319 319 
00110001 1276 3509 319 319 
00110011 1595 3509 319 319 
00111000 1914 3828 319 319 
00111010 2233 3828 319 319 
00111001 1914 3509 319 319 
00111011 2233 3509 319 319 
00110100 1276 3190 319 319 
00110110 1595 3190 319 319 
00110101 1276 2871 319 319 
00110111 1595 2871 319 319 
00111100 1914 3190 319 319 
00111110 2233 3190 319 319 
00111101 1914 2871 319 319 
00111111 2233 2871 319 319 
1000 2552 5104 1276 1276 
1010 3828 5104 1276 1276 
1001 2552 3828 1276 1276 
1011 3828 3828 1276 1276 
100000 2552 5104 638 638 
100010 3190 5104 638 638 
100001 2552 4466 638 638 
100011 3190 4466 638 638 
10000000 2552 5104 319 319 
10000010 2871 5104 319 319 
10000001 2552 4785 319 319 
10000011 2871 4785 319 319 
10001000 3190 5104 319 319 
10001010 3509 5104 319 319 
10001001 3190 4785 319 319 
10001011 3509 4785 319 319 
10000100 2552 4466 319 319 
10000110 2871 4466 319 319 
10000101 2552 4147 319 319 
10000111 2871 4147 319 319 
10001100 3190 4466 319 319 
10001110 3509 4466 319 319 
10001101 3190 4147 319 319 
10001111 3509 4147 319 319 
101000 3828 5104 638 638 
101010 4466 5104 638 638 
101001 3828 4466 638 638 
101011 4466 4466 638 638 
10100000 3828 5104 319 319 
10100010 4147 5104 319 319 
10100001 3828 4785 319 319 
10100011 4147 4785 319 319 
10101000 4466 5104 319 319 
10101010 4785 5104 319 319 
10101001 4466 4785 319 319 
10101011 4785 4785 319 319 
10100100 3828 4466 319 319 
10100110 4147 4466 319 319 
10100101 3828 4147 319 319 
10100111 4147 4147 319 319 
10101100 4466 4466 319 319 
10101110 4785 4466 319 319 
10101101 4466 4147 319 319 
10101111 4785 4147 319 319 
100100 2552 3828 638 638 
100110 3190 3828 638 638 
100101 2552 3190 638 638 
100111 3190 3190 638 638 
10010000 2552 3828 319 319 
10010010 2871 3828 319 319 
10010001 2552 3509 319 319 
10010011 2871 3509 319 319 
10011000 3190 3828 319 319 
10011010 3509 3828 319 319 
10011001 3190 3509 319 319 
10011011 3509 3509 319 319 
10010100 2552 3190 319 319 
10010110 2871 3190 319 319 
10010101 2552 2871 319 319 
10010111 2871 2871 319 319 
10011100 3190 3190 319 319 
10011110 3509 3190 319 319 
10011101 3190 2871 319 319 
10011111 3509 2871 319 319 
101100 3828 3828 638 638 
101110 4466 3828 638 638 
101101 3828 3190 638 638 
101111 4466 3190 638 638 
10110000 3828 3828 319 319 
10110010 4147 3828 319 319 
10110001 3828 3509 319 319 
10110011 4147 3509 319 319 
10111000 4466 3828 319 319 
10111010 4785 3828 319 319 
10111001 4466 3509 319 319 
10111011 4785 3509 319 319 
10110100 3828 3190 319 319 
10110110 4147 3190 319 319 
10110101 3828 2871 319 319 
10110111 4147 2871 319 319 
10111100 4466 3190 319 319 
10111110 4785 3190 319 319 
10111101 4466 2871 319 319 
10111111 4785 2871 319 319 
0100 0 2552 1276 1276 
0110 1276 2552 1276 1276 
0101 0 1276 1276 1276 
0111 1276 1276 1276 1276 
010000 0 2552 638 638 
010010 638 2552 638 638 
010001 0 1914 638 638 
010011 638 1914 638 638 
01000000 0 2552 319 319 
01000010 319 2552 319 319 
01000001 0 2233 319 319 
01000011 319 2233 319 319 
01001000 638 2552 319 319 
01001010 957 2552 319 319 
01001001 638 2233 319 319 
01001011 957 2233 319 319 
01000100 0 1914 319 319 
01000110 319 1914 319 319 
01000101 0 1595 319 319 
01000111 319 1595 319 319 
01001100 638 1914 319 319 
01001110 957 1914 319 319 
01001101 638 1595 319 319 
01001111 957 1595 319 319 
011000 1276 2552 638 638 
011010 1914 2552 638 638 
011001 1276 1914 638 638 
011011 1914 1914 638 638 
01100000 1276 2552 319 319 
01100010 1595 2552 319 319 
01100001 1276 2233 319 319 
01100011 1595 2233 319 319 
01101000 1914 2552 319 319 
01101010 2233 2552 319 319 
01101001 1914 2233 319 319 
01101011 2233 2233 319 319 
01100100 1276 1914 319 319 
01100110 1595 1914 319 319 
01100101 1276 1595 319 319 
01100111 1595 1595 319 319 
01101100 1914 1914 319 319 
01101110 2233 1914 319 319 
01101101 1914 1595 319 319 
01101111 2233 1595 319 319 
010100 0 1276 638 638 
010110 638 1276 638 638 
010101 0 638 638 638 
010111 638 638 638 638 
01010000 0 1276 319 319 
01010010 319 1276 319 319 
01010001 0 957 319 319 
01010011 319 957 319 319 
01011000 638 1276 319 319 
01011010 957 1276 319 319 
01011001 638 957 319 319 
01011011 957 957 319 319 
01010100 0 638 319 319 
01010110 319 638 319 319 
01010101 0 319 319 319 1,9,15, 
01010111 319 319 319 319 1,2,3,10,11,12,13,14,15, 
01011100 638 638 319 319 
01011110 957 638 319 319 
01011101 638 319 319 319 2,3,4,5,8,13,16,17, 
01011111 957 319 319 319 5,6,7,8,17,18,19,20, 
011100 1276 1276 638 638 
011110 1914 1276 638 638 
011101 1276 638 638 638 
011111 1914 638 638 638 
01110000 1276 1276 319 319 
01110010 1595 1276 319 319 
01110001 1276 957 319 319 
01110011 1595 957 319 319 
01111000 1914 1276 319 319 
01111010 2233 1276 319 319 
01111001 1914 957 319 319 
01111011 2233 957 319 319 
01110100 1276 638 319 319 
01110110 1595 638 319 319 
01110101 1276 319 319 319 7,21,22,23,24,25,26,30,31, 
01110111 1595 319 319 319 27,28,29,30,31,32,33,39, 
01111100 1914 638 319 319 
01111110 2233 638 319 319 
01111101 1914 319 319 319 29,34,35,36,37,38,39,40, 
01111111 2233 319 319 319 38,41,42, 
1100 2552 2552 1276 1276 
1110 3828 2552 1276 1276 
1101 2552 1276 1276 1276 
1111 3828 1276 1276 1276 
110000 2552 2552 638 638 
110010 3190 2552 638 638 
110001 2552 1914 638 638 
110011 3190 1914 638 638 
11000000 2552 2552 319 319 
11000010 2871 2552 319 319 
11000001 2552 2233 319 319 
11000011 2871 2233 319 319 
11001000 3190 2552 319 319 
11001010 3509 2552 319 319 
11001001 3190 2233 319 319 
11001011 3509 2233 319 319 
11000100 2552 1914 319 319 
11000110 2871 1914 319 319 
11000101 2552 1595 319 319 
11000111 2871 1595 319 319 
11001100 3190 1914 319 319 
11001110 3509 1914 319 319 
11001101 3190 1595 319 319 
11001111 3509 1595 319 319 
111000 3828 2552 638 638 
111010 4466 2552 638 638 
111001 3828 1914 638 638 
111011 4466 1914 638 638 
11100000 3828 2552 319 319 
11100010 4147 2552 319 319 
11100001 3828 2233 319 319 
11100011 4147 2233 319 319 
11101000 4466 2552 319 319 
11101010 4785 2552 319 319 
11101001 4466 2233 319 319 
11101011 4785 2233 319 319 
11100100 3828 1914 319 319 
11100110 4147 1914 319 319 
11100101 3828 1595 319 319 
11100111 4147 1595 319 319 
11101100 4466 1914 319 319 
11101110 4785 1914 319 319 
11101101 4466 1595 319 319 
11101111 4785 1595 319 319 
110100 2552 1276 638 638 
110110 3190 1276 638 638 
110101 2552 638 638 638 
110111 3190 638 638 638 
11010000 2552 1276 319 319 
11010010 2871 1276 319 319 
11010001 2552 957 319 319 
11010011 2871 957 319 319 
11011000 3190 1276 319 319 
11011010 3509 1276 319 319 
11011001 3190 957 319 319 
11011011 3509 957 319 319 
11010100 2552 638 319 319 
11010110 2871 638 319 319 
11010101 2552 319 319 319 41, 
11010111 2871 319 319 319 41,43,44,45,46,47,48, 
11011100 3190 638 319 319 
11011110 3509 638 319 319 
11011101 3190 319 319 319 47,48, 
11011111 3509 319 319 319 47,49, 
111100 3828 1276 638 638 
111110 4466 1276 638 638 
111101 3828 638 638 638 
111111 4466 638 638 638 
11110000 3828 1276 319 319 
11110010 4147 1276 319 319 
11110001 3828 957 319 319 
11110011 4147 957 319 319 
11111000 4466 1276 319 319 
11111010 4785 1276 319 319 
11111001 4466 957 319 319 
11111011 4785 957 319 319 
11110100 3828 638 319 319 
11110110 4147 638 319 319 
11110101 3828 319 319 319 47,50,51,52,53,54,55,56,57, 
11110111 4147 319 319 319 53,56,57,58, 
11111100 4466 638 319 319 
11111110 4785 638 319 319 
11111101 4466 319 319 319 58,59,60, 
11111111 4785 319 319 319 60,61, 
