3 RunMan 357 155 18 33 0 
4 ItemR 245 212 24 15 0 
5 ItemS 1124 182 24 15 0 
6 ItemR 2325 39 24 15 0 
7 ItemL 2325 151 24 15 0 
8 RunMan 909 155 18 33 0 
9 RunMan 1297 153 18 33 0 
10 RunMan 1325 155 18 33 0 
11 RunMan 1353 152 18 33 0 
12 RunMan 1511 188 18 33 0 
13 RunMan 1542 189 18 33 0 
14 RunMan 1577 188 18 33 0 
15 RunMan 1792 122 18 33 0 
16 RunMan 1754 123 18 33 0 
17 RunMan 1705 121 18 33 0 
18 RunMan 1776 61 18 33 0 
19 RunMan 1815 63 18 33 0 
20 RunMan 1949 156 18 33 0 